('#', [(1.3561190000000001, 2317.0), (1.225886, 18004.0), (1.485854, 14049.0), (0.070120000000000002, 15714.0), (-0.052566000000000002, 15782.0), (-0.17332800000000001, 12231.0), (-0.29191899999999998, 17694.0), (-0.40814899999999998, 8561.0), (1.0954280000000001, 17378.0), (0.96495900000000001, 7372.0), (0.83474099999999996, 16674.0), (0.70494699999999999, 4635.0), (0.57581700000000002, 13019.0), (0.447579, 24371.0), (0.32038899999999998, 11854.0), (0.194523, 5176.0)])
# Number of Iterations: 2462, MaxDiff: 0.0009995870, Converged: True
#
#   Points           Reference      Force Constant         Free Energy
#    25001       -0.4081490000     2500.0000000000       -0.0468245973
#    25001       -0.2919190000     2500.0000000000       -3.7382840396
#    25001       -0.1733280000     2500.0000000000       -2.7987548392
#    25001       -0.0525660000     2500.0000000000        1.9880939075
#    25001        0.0701200000     2500.0000000000        7.3380990092
#    25001        0.1945230000     2500.0000000000       11.4760452604
#    25001        0.3203890000     2500.0000000000        8.3995629855
#    25001        0.4475790000     2500.0000000000       10.1071970658
#    25001        0.5758170000     2500.0000000000       17.6426557559
#    25001        0.7049470000     2500.0000000000       20.9968318264
#    25001        0.8347410000     2500.0000000000       16.3500115287
#    25001        0.9649590000     2500.0000000000       -0.4056590832
#    25001        1.0954280000     2500.0000000000      -14.9115846947
#    25001        1.2258860000     2500.0000000000      -23.4344210047
#    25001        1.3561190000     2500.0000000000      -24.6684554118
#    25001        1.4858540000     2500.0000000000      -21.1266105704
#
#   Points           Reference             Density                 PMF
      2317       -0.4606772192     4.967943363e-06      -20.6470576844
     18004       -0.3960518699     1.032722884e-05      -22.4611146026
     14049       -0.3314265207     4.863116069e-05      -26.3022326490
     15714       -0.2668011714      4.98362353e-05      -26.3629125276
     15782       -0.2021758222     3.817160232e-05      -25.7018935537
     12231       -0.1375504730      2.80735009e-05      -24.9401905322
     17694       -0.0729251237     5.110456706e-06      -20.7171700169
      8561       -0.0082997745     2.637241749e-06      -19.0771935280
     17378        0.0563255748     5.183002483e-07      -15.0440700999
      7372        0.1209509240     3.233708291e-07      -13.8746029857
     16674        0.1855762733     8.866029305e-08      -10.6668445620
      4635        0.2502016225     1.013666631e-07      -10.9988585121
     13019        0.3148269717     2.330304876e-07      -13.0624164340
     24371        0.3794523210      1.18305798e-06      -17.0899731496
     11854        0.4440776702     1.054523186e-07      -11.0968141397
      5176        0.5087030195     1.989085002e-08       -6.9618919621
     17600        0.5733283687     7.489184688e-09       -4.5404328564
      9687        0.6379537180     7.541262973e-09       -4.5576114666
     16279        0.7025790672     1.790696107e-09       -0.9933828081
      1717        0.7672044165     1.199471044e-09        0.0000000000
      6378        0.8318297657     4.569479534e-09       -3.3156706331
     16570        0.8964551149     8.076478186e-08      -10.4356280818
      8815        0.9610804642     4.283099209e-06      -20.2793541140
     16749        1.0257058134     6.622044507e-05      -27.0675525391
     12169        1.0903311627      0.002343202208      -35.9082702009
     14208        1.1549565119       0.01790244445      -40.9490575061
     14592        1.2195818612       0.09795744187      -45.1623072164
     12970        1.2842072104          0.38481068      -48.5540815493
     18665        1.3488325596        0.2100638962      -47.0534616225
      9668        1.4134579089        0.2175330999      -47.1400750782
     17499        1.4780832581       0.04741053257      -43.3633455794
      1619        1.5427086074       0.02171776742      -41.4279785300
